r(2): 0.03709682620655367
r(3): 0.03535245194471151
r(4): 0.039793511667390036
r(5): 0.0354351293936251
r(6): 0.037052368586566846
r(7): 0.03522360497899179
r(8): 0.04491213203766699
r(9): 0.03545025157077616
r(10): 0.03709763005817014
r(11): 0.03506214646542888
r(12): 0.0397888484387092
r(13): 0.03550919719241092
r(14): 0.037093872461702884
r(15): 0.035384371390931875
r(16): 0.05539766505382552
r(17): 0.035524349460576386
r(18): 0.037051140206933175
r(19): 0.03531599104429486
r(20): 0.03979839848540342
r(21): 0.035056696947883076
r(22): 0.03688094981192191
r(23): 0.03526676001305198
r(24): 0.04486292731353409
r(25): 0.03531687664602463
r(26): 0.03731086887465935
r(27): 0.035247591055245484
r(28): 0.03969086727168179
r(29): 0.035584903885058694
r(30): 0.036928328869868694
r(31): 0.03527346532158508
